10slayer:118.5203510812837
AmericanHussar:857.0053124873998
chibikitty:603.1238216574261
ColinJH:378.83972080035255
CyborgSteve:2097.6684600159156
GentileBanan:1026.2659622353056
Imperialpayload:800.0
Inugami:2689.2809021698126
SexiMexi247:1400.0
Trick Live:1400.0
Xerelic:1960.3112890542463
Kevalon:1520.3637587682333
eledessil:1368.83448443422
maxorri:-73.6790814313342
Kreinash:2371.9871037234802
Ksiu:2300.0
Azaki:1132.492463249655
D3F3CTIVE:1800.4392839658713
Spaz:-116.850369315053
YourLocalThiccBoi:524.4157394435179
PhantasticTigers:1036.2922388419904
Star Rise:1435.3388823710372
Xlerate:1235.3388823710372
QuadNut420:399.04664352904683
Wilmeister:190.704876664016
Second Shot:1751.9451312377892
HunterSquared:1107.6697708241923
oink oink:1282.2572585306284
