10slayer:-55.270710363787884:[2,0,1,3,4]
AmericanHussar:804.7711832762128:[4,0,3,2,1]
chibikitty:609.1255434294201:[4,2,0,3,1]
Coliflower:433.97994368737056:[0,4,2,1,3]
CyborgSteve:2354.0812395432977:[1,3,4,0,2]
GentileBanan:1337.0218091255047:[0,2,4,1,3]
Imperialpayload:800.0:[2,1,0,4,3]
Inugami:2443.6624632984303:[3,4,0,2,1]
Trick Live:1400.0:[3,4,0,2,1]
xerelic:2545.074762111797:[2,1,4,0,3]
Kevalon:1192.8602635497298:[0,1,2,4,3]
eledessil:1368.83448443422:[0,2,4,3,1]
maxorri:-73.6790814313342:[4,1,3,0,2]
Kreinash:2142.7053937785945:[2,4,0,3,1]
Ksiu:2300.0:[0,1,2,3,4]
Azaki:987.327599150241:[1,3,4,0,2]
D3F3CTIVE:1519.6299694820093:[2,3,0,4,1]
Spaz:-111.18304469865947:[0,2,1,3,4]
youtubepoop234:598.1975781344881:[2,1,3,0,4]
PhantasticTigers:1036.2922388419904:[0,2,1,4,3]
Star Rise:1435.3388823710372:[3,4,0,2,1]
Xlerate:1235.3388823710372:[4,1,0,2,3]
QuadNut420:399.04664352904683:[0,3,2,4,1]
Wilmeister:-127.4658768218629:[4,1,3,2,0]
Second Shot:1751.0141876420794:[3,4,2,1,0]
HunterSquared:1474.7691488009978:[2,3,4,1,0]
oink oink:1249.8191631482512:[2,4,0,3,1]
Rocktank10:2275.971807521713:[1,3,0,2,4]

