10slayer:89.89415373562608:[2,0,1,3,4]
AmericanHussar:851.0035907154058:[4,0,3,2,1]
chibikitty:609.1255434294201:[4,2,0,3,1]
ColinJH:395.87523307198524:[0,4,2,1,3]
CyborgSteve:2123.4866368052044:[1,3,4,0,2]
GentileBanan:1000.4596734874837:[0,2,4,1,3]
Imperialpayload:800.0:[2,1,0,4,3]
Inugami:2673.1644454524226:[3,4,0,2,1]
Trick Live:1400.0:[3,4,0,2,1]
Xerelic:1987.1383411435913:[2,1,4,0,3]
Kevalon:1521.294702363943:[0,1,2,4,3]
eledessil:1368.83448443422:[0,2,4,3,1]
maxorri:-73.6790814313342:[4,1,3,0,2]
Kreinash:2378.9587349433577:[2,4,0,3,1]
Ksiu:2300.0:[0,1,2,3,4]
Azaki:1132.492463249655:[1,3,4,0,2]
D3F3CTIVE:1803.2083386700665:[2,3,0,4,1]
Spaz:-111.18304469865947:[0,2,1,3,4]
YourLocalThiccBoi:500.3577420583681:[2,1,3,0,4]
PhantasticTigers:1036.2922388419904:[0,2,1,4,3]
Star Rise:1435.3388823710372:[3,4,0,2,1]
Xlerate:1235.3388823710372:[4,1,0,2,3]
QuadNut420:399.04664352904683:[0,3,2,4,1]
Wilmeister:247.2009694315434:[4,1,3,2,0]
Second Shot:1751.0141876420794:[3,4,2,1,0]
HunterSquared:1138.2070131629766:[2,3,4,1,0]
oink oink:1249.8191631482512:[2,4,0,3,1]
RockTank10:1901.304961268307:[4,1,3,0,2]
