10slayer:1109.1630970946871
aijinxed:900.0
AmericanHussar:1009.1630970946871
Cade:1300.0
chibikitty:213.37874152890717
ColinJH:1000.0
CyborgSteve:1822.0024184710928
Daniel:1700.0
GentileBanan:1486.621258471093
Imperialpayload:800.0
Inugami:1459.6713873395329
Ksiu:2300.0
SexiMexi247:1400.0
Trick Live:1400.0
Xerelic:1400.0
Kevalon:1604.9474526604672
eledessil:1368.83448443422
maxorri:431.16551556577997
Kreinash:977.9975815289072
Nraddlygew:1000.0
Azaki:995.0525473395328
D3F3CTIVE:1522.0024184710928
