10slayer:107.65627784899459
AmericanHussar:857.3089843364678
chibikitty:602.8201498083581
ColinJH:398.8256138591789
CyborgSteve:2091.1703230257835
GentileBanan:1028.9493379137703
Imperialpayload:800.0
Inugami:2704.956159200084
SexiMexi247:1400.0
Trick Live:1400.0
Xerelic:1575.6361279327957
Kevalon:1496.1696745898337
eledessil:1368.83448443422
maxorri:-73.6790814313342
Kreinash:2384.4105981303787
Nraddlygew:1000.0
Azaki:1119.0391233174669
D3F3CTIVE:1802.1738102657466
Spaz:-120.43458023176123
YourLocalThiccBoi:498.6804392024579
PhantasticTigers:1036.2922388419904
Star Rise:1435.3388823710372
Xlerate:1235.3388823710372
QuadNut420:399.04664352904683
Wilmeister:219.5235886167323
Second Shot:1752.0390922280906
HunterSquared:1068.4067407295297
oink oink:1281.9804034952504
