10slayer:-55.270710363787884:[2,0,1,3,4]
AmericanHussar:788.0847157388212:[4,0,3,2,1]
chibikitty:809.4159363619059:[4,2,0,3,1]
Coliflower:417.2934761499789:[0,4,2,1,3]
CyborgSteve:2137.10437907342:[1,3,4,0,2]
GentileBanan:1153.4178837304107:[0,2,4,1,3]
Imperialpayload:800.0:[2,1,0,4,3]
Inugami:2643.952856230916:[3,4,0,2,1]
Trick Live:1600.2903929324857:[3,4,0,2,1]
xerelic:2328.0979016419196:[2,1,4,0,3]
Kevalon:1209.5467310871215:[0,1,2,4,3]
eledessil:1368.83448443422:[0,2,4,3,1]
maxorri:-73.6790814313342:[4,1,3,0,2]
Kreinash:1942.4150008461088:[2,4,0,3,1]
Ksiu:2300.0:[0,1,2,3,4]
Azaki:820.7444919728334:[1,3,4,0,2]
D3F3CTIVE:1519.6299694820093:[2,3,0,4,1]
Spaz:-277.76615187606706:[0,2,1,3,4]
youtubepoop234:598.1975781344881:[2,1,3,0,4]
PhantasticTigers:1036.2922388419904:[0,2,1,4,3]
Star Rise:1435.3388823710372:[3,4,0,2,1]
Xlerate:1235.3388823710372:[4,1,0,2,3]
QuadNut420:399.04664352904683:[0,3,2,4,1]
Wilmeister:-327.75626975434875:[4,1,3,2,0]
Second Shot:1917.597294819487:[3,4,2,1,0]
HunterSquared:1691.7460092708752:[2,3,4,1,0]
oink oink:1249.8191631482512:[2,4,0,3,1]
Rocktank10:2476.2622004541986:[4,1,3,0,2]
