10slayer:955.5907559631642
aijinxed:900.0
AmericanHussar:1179.1513909317482
Cade:1300.0
chibikitty:280.9777432130777
ColinJH:774.475879767813
CyborgSteve:1786.6635361000556
Daniel:1700.0
GentileBanan:1264.8781295574565
Imperialpayload:800.0
Inugami:1964.5159843366473
Ksiu:2300.0
SexiMexi247:1400.0
Trick Live:1400.0
Xerelic:1575.6361279327957
Kevalon:1569.60857028943
eledessil:1368.83448443422
maxorri:-73.6790814313342
Kreinash:1580.111186164843
Nraddlygew:1000.0
Azaki:978.6365946339947
D3F3CTIVE:1491.0373558372007
Spaz:-4.844596997114138
YourLocalThiccBoi:602.3892921528904
PhantasticTigers:1036.2922388419904
Star Rise:1435.3388823710372
Xlerate:1235.3388823710372
QuadNut420:399.04664352904683
