10slayer:1300.0
aijinxed:900.0
AmericanHussar:1200.0
Cade:1300.0
chibikitty:600.0483269967675
ColinJH:1000.0
CyborgSteve:1600.0683130032326
Daniel:1700.0
GentileBanan:1099.9516730032324
Imperialpayload:800.0
Inugami:1299.9316869967674
Ksiu:2300.0
SexiMexi247:1400.0
Trick Live:1400.0
Xerelic:1400.0
Kevalon:1599.9516730032324
eledessil:1399.9316869967674
maxorri:400.06831300323245
Kreinash:1199.9316869967674
Nraddlygew:1000.0
Azaki:1000.0483269967676
D3F3CTIVE:1300.0683130032326
