10slayer:653.385895124714
AmericanHussar:1179.1513909317482
chibikitty:280.9777432130777
ColinJH:795.8756832393188
CyborgSteve:2088.8683969385056
GentileBanan:1264.8781295574565
Imperialpayload:800.0
Inugami:2126.3183164916254
SexiMexi247:1400.0
Trick Live:1400.0
Xerelic:1575.6361279327957
Kevalon:1548.2087668179242
eledessil:1368.83448443422
maxorri:-73.6790814313342
Kreinash:1882.316047003293
Nraddlygew:1000.0
Azaki:1119.0391233174669
D3F3CTIVE:1491.0373558372007
Spaz:-4.844596997114138
YourLocalThiccBoi:602.3892921528904
PhantasticTigers:1036.2922388419904
Star Rise:1435.3388823710372
Xlerate:1235.3388823710372
QuadNut420:399.04664352904683
Wilmeister:97.79513916154991
Second Shot:1700.0
HunterSquared:1178.6001965284943
oink oink:1300.0
