10slayer:650.5793384484361
AmericanHussar:1179.1513909317482
chibikitty:280.9777432130777
ColinJH:771.7755600512205
CyborgSteve:2091.6749536147836
GentileBanan:1264.8781295574565
Imperialpayload:800.0
Inugami:2115.671533235715
SexiMexi247:1400.0
Trick Live:1400.0
Xerelic:1572.9358082162032
Kevalon:1572.3088900060225
eledessil:1368.83448443422
maxorri:-73.6790814313342
Kreinash:1885.122603679571
Ksiu:2300.0
Azaki:1132.492463249655
D3F3CTIVE:1491.0373558372007
Spaz:-4.844596997114138
YourLocalThiccBoi:602.3892921528904
PhantasticTigers:1036.2922388419904
Star Rise:1435.3388823710372
Xlerate:1235.3388823710372
QuadNut420:399.04664352904683
Wilmeister:94.98858248527202
Second Shot:1700.0
HunterSquared:1202.7003197165925
oink oink:1300.0
