10slayer:1300.0
aijinxed:900.0
AmericanHussar:1200.0
Cade:1300.0
chibikitty:404.21564443422
ColinJH:1000.0
CyborgSteve:1631.16551556578
Daniel:1700.0
GentileBanan:1295.78435556578
Imperialpayload:800.0
Inugami:1268.83448443422
Ksiu:2300.0
SexiMexi247:1400.0
Trick Live:1400.0
Xerelic:1400.0
Kevalon:1795.78435556578
eledessil:1368.83448443422
maxorri:431.16551556577997
Kreinash:1168.83448443422
Nraddlygew:1000.0
Azaki:804.2156444342199
D3F3CTIVE:1331.16551556578
