10slayer:955.5907559631642
aijinxed:900.0
AmericanHussar:1179.1513909317482
Cade:1300.0
chibikitty:718.2233385260213
ColinJH:1010.7681186098034
CyborgSteve:1822.0024184710928
Daniel:1700.0
GentileBanan:1300.2170119284938
Imperialpayload:800.0
Inugami:1964.5159843366473
Ksiu:2300.0
SexiMexi247:1400.0
Trick Live:1400.0
Xerelic:1575.6361279327957
Kevalon:1604.9474526604672
eledessil:1368.83448443422
maxorri:-73.6790814313342
Kreinash:1142.8655908518995
Nraddlygew:1000.0
Azaki:978.6365946339947
D3F3CTIVE:1691.990712308154
Spaz:-4.844596997114138
YourLocalThiccBoi:165.14369683994687
PhantasticTigers:800.0
Star Rise:1400.0
Xlerate:1200.0
QuadNut420:600.0
