10slayer:650.5793384484361:[2,0,1,3,4]
AmericanHussar:1179.1513909317482:[4,0,3,2,1]
chibikitty:280.9777432130777:[4,2,0,3,1]
ColinJH:771.7755600512205:[0,4,2,1,3]
CyborgSteve:2091.6749536147836:[1,3,4,0,2]
GentileBanan:1264.8781295574565:[0,2,4,1,3]
Imperialpayload:800.0:[2,1,0,4,3]
Inugami:2115.671533235715:[3,4,0,2,1]
Trick Live:1400.0:[3,4,0,2,1]
Xerelic:1572.9358082162032:[2,1,4,0,3]
Kevalon:1572.3088900060225:[0,1,2,4,3]
eledessil:1368.83448443422:[0,2,4,3,1]
maxorri:-73.6790814313342:[4,1,3,0,2]
Kreinash:1885.122603679571:[2,4,0,3,1]
Ksiu:2300.0:[0,1,2,3,4]
Azaki:1132.492463249655:[1,3,4,0,2]
D3F3CTIVE:1491.0373558372007:[2,3,0,4,1]
Spaz:-4.844596997114138:[0,2,1,3,4]
YourLocalThiccBoi:602.3892921528904:[2,1,3,0,4]
PhantasticTigers:1036.2922388419904:[0,2,1,4,3]
Star Rise:1435.3388823710372:[3,4,0,2,1]
Xlerate:1235.3388823710372:[4,1,0,2,3]
QuadNut420:399.04664352904683:[0,3,2,4,1]
Wilmeister:94.98858248527202:[4,1,3,2,0]
Second Shot:1700.0:[3,4,2,1,0]
HunterSquared:1202.7003197165925:[2,3,4,1,0]
oink oink:1300.0:[2,4,0,3,1]
RockTank10:2200.0:[4,1,3,0,2]
