10slayer:1398.24384
aijinxed:801.75616
AmericanHussar:1298.24384
Cade:1398.24384
chibikitty:701.75616
ColinJH:901.75616
CyborgSteve:1698.24384
Daniel:1798.24384
GentileBanan:701.75616
Imperialpayload:701.75616
Inugami:1300
Ksiu:2300
SexiMexi247:1400
Trick Live:1400
Xerelic:1400
Kevalon:1400
